20
48
48
5
55
38
23
47
36
22
32
100
76
46
78
63
44
37
14
74
17
10
54
96
1
91
35
81
99
56
31
91
50
56
18
37
36
78
38
50
50
16
19
2
78
95
39
40
44
47
56
12
93
30
13
4
33
43
81
48
52
71
95
74
64
59
53
3
82
52
75
49
30
96
28
94
45
17
75
26
4
17
8
45
2
73
9
72
40
25
99
100
95
26
95
5
12
81
23
37
38
90
49
60
78
86
23
59
94
52
65
73
41
95
36
53
16
46
34
34
23
50
70
17
6
90
50
46
31
18
80
82
89
39
92
16
17
35
92
54
83
52
44
52
6
84
37
43
7
13
91
10
6
12
11
43
56
7
47
98
28
56
73
26
52
39
42
58
59
89
55
55
48
48
80
13
82
40
94
18
14
96
51
43
82
100
19
24
10
65
24
10
71
23
73
68
21
80
11
27
6
78
95
64
77
100
38
35
46
18
80
34
12
70
97
97
32
81
96
34
81
43
78
7
37
96
100
69
75
42
66
11
28
83
37
53
36
84
83
3
80
57
40
100
36
57
12
66
85
24
70
95
50
94
32
45
45
14
77
58
98
92
98
18
39
82
53
64
57
14
34
25
43
54
2
62
18
81
77
97
91
97
58
81
87
44
82
44
58
50
62
88
82
45
22
51
28
34
96
6
79
71
10
8
24
76
91
32
69
27
18
80
40
4
6
85
88
32
8
97
81
88
72
12
23
35
66
3
100
15
28
40
47
71
53
66
45
93
93
45
57
32
98
15
36
8
94
4
50
33
23
26
79
81
98
28
69
91
15
89
70
94
90
97
18
32
26
52
70
92
49
40
95
49
99
91
37
51
21
97
92
20
25
18
46
45
55
85
51
3
2
28
76
30
5
16
88
16
96
18
45
40
76
94
34
15
59
88
50
18
47
92
99
51
37
64
52
17
68
95
87
51
10
33
70
40
25
1
42
54
83
13
15
55
2
54
44
44
22
22
31
20
78
15
50
33
64
11
6
24
5
84
99
7
58
95
20
36
34
66
59
56
19
93
44
1
100
48
36
95
78
14
65
45
6
7
1
50
40
69
50
80
95
45
59
16
50
65
83
54
92
93
26
93
43
45
54
58
39
64
52
57
66
37
39
93
49
47
50
60
63
64
61
50
92
31
60
32
80
80
68
79
13
4
4
35
13
45
32
64
94
99
65
51
83
39
26
56
87
95
32
57
25
2
97
86
34
33
25
24
14
75
8
45
89
74
85
42
12
21
31
12
36
2
26
2
26
45
72
39
91
18
25
57
26
90
41
28
37
47
69
79
58
48
90
76
36
81
80
49
65
71
64
60
40
68
72
69
42
45
97
51
67
76
70
30
43
77
39
61
71
67
33
38
39
45
98
56
75
29
41
89
92
88
5
68
2
51
9
66
57
46
43
71
5
71
1
24
61
69
6
57
90
72
48
64
86
96
56
81
70
52
1
70
89
84
13
30
93
10
3
51
90
82
30
85
43
71
61
26
54
46
39
21
37
59
86
27
7
15
57
33
32
19
45
22
95
43
35
87
24
66
58
79
94
19
44
69
92
14
66
9
71
33
80
80
21
36
59
82
12
95
52
25
98
88
23
30
4
96
42
82
1
81
86
89
93
21
70
38
62
61
98
95
50
1
17
19
84
41
69
83
91
79
82
47
96
1
33
5
58
55
20
47
2
21
39
91
33
21
45
20
70
82
41
2
53
67
75
59
39
64
49
95
38
7
23
10
83
72
47
39
87
72
95
87
45
6
18
30
43
69
97
48
76
19
30
22
52
64
6
39
96
6
34
71
44
86
69
74
26
88
84
77
4
99
71
68
2
15
22
44
78
57
26
70
2
51
84
33
70
99
95
55
92
26
66
15
19
65
7
90
23
40
71
44
29
40
43
73
59
10
19
17
97
11
60
56
54
59
98
51
55
17
4
22
38
60
78
69
91
80
31
37
52
27
61
34
59
87
30
88
55
83
73
96
24
41
95
24
22
61
74
20
64
47
68
43
94
80
69
53
58
29
67
93
49
17
42
83
29
98
86
32
59
95
57
79
81
12
36
6
51
97
87
16
55
43
74
68
34
28
10
74
52
56
27
78
59
10
54
37
76
100
44
23
83
28
41
64
69
48
70
13
91
97
77
16
20
76
8
20
7
93
29
8
89
64
40
81
82
75
31
33
78
91
31
15
70
83
50
49
5
14
70
2
85
6
64
30
85
86
76
83
27
17
98
10
88
14